-792.4568544056509
-692.0472604515128
-507.3440554620853
-963.185528123691
-1419.0223520486722
-733.3004481922069
-756.6539702039743
-683.3532658626597
-601.8972574631846
-608.9767823235735
-653.6823436419442
-491.72372991129924
-642.3819243416024
-170.6565303181435
-559.3539607759458
-348.2521292059451
-337.76061473349165
-276.74623790037197
-183.52565977565104
-165.1008526391903
-164.83110292990125
-167.6953996683945
-3.4644260444521677
-209.11415712858064
-173.12918201759788
-147.21716659303877
-162.94577946107648
-175.948658152512
-161.1807386627009
-185.26492995871502
5.434421305606165
-158.421124612622
-162.71070130957708
-164.64607608452008
-144.5980676234815
-132.68964943363892
-218.79167953523205
-107.40189621723466
-135.99119952632094
-121.06799215054664
-120.93565916029387
-141.4043657623286
-87.19953338561294
-115.05482821114676
-128.67879415517442
-118.68012384109508
-141.02375147782652
-94.126594642571
-124.23262967086372
-147.00024075095956
-119.29890508847933
-150.2160296269242
-117.59388385068408
-138.13306459600813
-124.77406075999521
-108.23891435672104
-92.29413503352441
-109.52568634197237
-140.0535179596003
-95.89725204703448
-135.7422034225823
-114.09418859570222
-102.12001812509331
-129.76745832995954
-109.87212368102766
-136.66675656953066
-122.2291922190492
-108.00011700966495
-135.8985775490305
-112.44607889726802
-111.09092593645163
-146.39569785564112
-96.61958577256362
-146.4409563491988
-131.34322964286136
-124.70957814750699
-137.57047368551503
-120.89314122625734
-125.79232706684604
-111.30033211970014
-132.81148831735464
-125.45021289499071
-110.31324759051287
-115.73524141603848
-143.80725445551377
-128.56823280717722
-115.04253126680851
-126.94371883947711
-139.0456766529606
-125.80429541388308
-143.56132876905292
-145.31590564782675
-124.44409973147745
-149.39323542214942
-165.1343240506148
-109.6680700075766
-167.35073245636733
-166.01509345373404
-130.77679436350047
-144.20851842558133
-116.91732583527943
-138.07829387185893
-130.31725441538757
-168.5553891791072
-144.08472876638726
-129.12597933906875
-83.94771040877428
-153.1836375641745
-98.83297984347945
-102.40527103912633
-110.41176502713196
-83.12658510755521
-93.36648366752041
-88.26169600584052
-86.87097466032984
-146.27987513128988
-100.19965741780858
-74.84377290464664
-140.49410535560344
-131.31088131006206
-129.03386343941995
-96.5382521302175
-130.35085046514277
-132.86773235809613
-91.55184109209014
-100.71724757636046
-92.54559083147404
-101.87389725195054
-59.33940087968706
-129.53018086988553
-133.95117373862837
-87.63774583605279
-119.66566242248803
-131.80140686175616
-92.41411368757929
-82.60765242722692
-80.74771512664753
-139.94373265280842
-130.3160467271751
-82.86913695166025
-129.24200934639873
-141.126193593699
-63.491015130003575
-83.56293967667492
-101.99320461400994
-137.70493562364317
-125.27847860169253
-78.43596110741315
-149.1352545227275
-72.57784799067767
-100.44376987966015
-109.81552216559527
-74.12825093800019
-113.55325832808384
-57.70852863341077
-99.65717772710202
-64.29463047854964
-100.2565407171175
-132.1668880779942
8.917091386504666
-127.41217685402984
-45.69639681014489
-105.30993139823585
-32.284729083035984
-31.09279296551685
-14.337910016141535
6.613528133765868
-101.52077311120023
8.620403793245842
-18.652584069180094
12.932234608607502
-22.013910381471234
-22.34527667742003
-6.148252390713793
-29.33455986531635
-29.511502982147164
-33.84335854818222
-49.49660347110891
-55.046930723841676
-17.545586956235496
13.019998352252259
-17.661215702201304
-5.1201844801014005
-1.8309701512263246
-75.5436709674091
7.106560674716704
-20.93817873597358
4.7235201617291835
-20.349046796934175
-17.325691387234272
18.575564283971886
12.4938202615634
8.706480015919183
25.355710888884175
-8.12852047873227
-1.2317170712965861
-7.083765531041408
41.827029777790955
38.95013835689534
20.489249280496608
40.906419284851324
-0.771485600983695
37.31394197792855
55.449823930271094
28.87215508314651
29.768539887189434
18.725742444746643
18.420461552349593
15.338403003425881
29.343612968636762
-6.8804172701873085
-14.435989096021942
23.877155518470005
19.986879595899893
32.02236296727108
11.986210052162562
-0.8122961484312867
7.979104002649365
17.41555807973485
-16.160879272614935
11.247441154553414
13.03382816572146
16.22765523457896
35.80302083804864
39.62343791469834
25.271130984651478
17.686630806766203
279.23803681118903
253.82399329366368
26.670850056065504
60.60263936995082
31.45088077886882
-55.34872297825832
32.327902622115346
6.993516495540419
54.503611669474026
38.814415586219525
4.847628555876398
14.478997342756259
-22.80959745017077
46.58987034564106
0.46126588019352255
-16.583525683385815
-7.805162887531438
14.36638751457221
18.915639520632055
-116.67204314068718
-140.4418367646255
-166.54219273155732
-105.39776308929298
-122.81348993288127
-248.18114581227078
-164.10943658700074
-119.32823140752146
-100.40061859114354
-123.64260388087165
-125.99029461654104
-227.01354192142767
-110.4664496988785
-169.10358695370897
-104.32045344879516
-97.94222115832993
-162.52309641073427
-74.77746175939292
-95.34667196598006
-64.15106844486345
-209.72041098301423
-68.46076783118016
-75.03350079680956
-69.7196385394237
-188.96968974554596
-28.062389976313497
-142.244180938119
-80.81452331897879
-178.97428500761524
-96.13400897823928
-78.30160069690984
-45.880839984636104
-72.09112238172563
-61.73416823518726
-130.24371863585742
-185.2012974887119
-137.4725856782132
-79.26344999034507
-3.9021444420751124
-55.88440483450266
-165.24016337524057
-57.35445850615847
-171.32535039335733
-65.65009846061443
-80.58859507861627
-75.08745715795439
-78.68415081072295
-192.0903096059203
-80.53030021101662
-143.2609060207725
-163.76525300519046
-43.89646749554508
-93.3883329086962
-153.96811589146722
-54.106052521751536
-18.878835479522806
-149.24843487515793
-177.1590921335639
-13.311681822496269
-176.7762766660182
-63.752093376321035
-47.32692008760603
-141.71114838716855
-40.664139070562356
-202.16968199288624
-388.10444680832063
-8.488262655581138
-156.07342998444415
-38.53364333058418
-62.60918184280426
-180.72980850748996
-47.55623885881175
-143.68614417328672
-132.70179287410147
-34.18253712792351
-107.90696261048981
-50.954412870377006
-127.01641765031121
-81.253888115118
-120.04088592951236
-13.854365488903468
18.593125427800146
-19.56619213704819
-165.17540093134255
-15.631370833117842
-179.85125050213645
-7.479830549121914
-18.182397197196877
-8.430520780727676
16.450455750370438
-154.85988805150126
-11.945852491007628
12.134803964372551
-66.79882299337693
-3.2253434324552614
3.269336851246692
-15.214746334041578
-24.631677510020694
-3.2726062381800887
-189.98051842572613
-22.598851526206488
-212.27032264456278
-24.94668320262359
-3.767173604284011
-198.0154771974548
-128.02908188027908
-24.096760030276258
30.44953224665278
32.22786274114014
-10.405941972156583
-16.12208116431937
12.12796119903102
-116.65342850523453
17.418636541809235
54.76354120061848
-48.3185581829854
1.7091176020997665
269.95841962500265
44.576889916523214
-87.18738131004909
223.23222136911212
-93.95740628198946
27.247810827116183
-29.404950817336996
36.574245837800504
26.607394989522135
17.603530705164005
206.97551085236884
209.2749852722028
58.76570306060853
243.5977693876537
-2.8058812510670066
21.01822453242876
122.68280140163391
-3.602353766584258
35.30932525207729
20.74375207279361
9.786070659606224
208.13057095144836
30.00626909129872
29.92217384721195
253.41661759311697
-12.432485615211448
241.139892238207
-44.60643581736388
23.55555482952323
31.218812559053873
49.79286166076372
183.0421541649091
11.678703014612182
236.95237526000778
112.16922964447332
226.18336407905485
29.579835906157342
47.73550033540474
29.479138171524994
44.63037268948398
270.36611676436587
64.45371478915163
136.5975598040816
25.10921336389987
47.0187584398918
38.29814195419374
51.6272656220676
209.51173947665546
211.75282687490875
59.674114333441736
56.44607722124999
22.502770048356993
46.786822073947945
280.80740210496356
244.5480681614945
273.36578486165985
210.58730297885808
237.65138471082588
248.9266543400578
226.03551720730985
240.49316398717212
285.7246789289725
226.9137808869632
143.74080552278278
145.18800075873443
149.9300295354103
32.63931787674139
258.76630012822545
290.118597567875
224.91504823737117
255.91739818164896
231.1116441764529
74.41089345160822
85.05255203571627
246.33972994569706
75.20218826259077
238.11529571541098
207.21400474805594
148.61988036115525
139.17301454706939
262.82478350604305
219.3177460612087
263.51057797085946
114.11473030995174
136.61763733623002
129.3396603011778
290.2428067393348
204.64577583231045
198.94533086024953
246.20654082248498
238.38205880994798
221.29476744690157
270.4524035289534
218.7555835104763
204.9866723939955
115.01458976361877
273.28394203009276
139.3904326082572
113.57397633801862
99.07094304129367
127.76134114028402
232.53383893918593
127.62695454254005
247.71760824032205
215.87490565302852
254.8844033819095
267.4395006606362
42.76373242442449
35.34222094991395
51.947479583201414
246.92962634389312
140.48111635534596
45.57791290183283
60.98560859400436
277.1015501440901
245.37870701668908
240.79161254408237
103.50616805020073
223.51511536625645
72.84841061100968
249.29137580390804
134.24450479586977
249.12877516925502
263.9710539553554
201.08525789420844
51.74182363137888
56.78904974973338
286.9325166451869
132.33044105450205
233.13642108744835
245.64123388797083
44.1603594400938
268.49053318874417
277.46521778243414
57.89133304940506
67.72918030266695
282.1015878042491
80.72559356019485
272.56474131267197
41.47448478436877
144.6865471173775
66.70546169764333
59.06559779853541
152.65406962383736
55.2459380269147
171.96821469513998
76.03361983402033
266.5954667399955
131.26102707107333
185.16251798630296
272.1989739268914
289.4301377389368
240.5593133810192
171.80912997008656
34.16742734429158
170.42891041825953
38.22959431720068
185.03818990304524
57.275784133176046
294.68273872277086
163.82067866968927
167.29763237587343
273.68061665269653
47.66038168321549
54.3606815511678
133.65822951948104
71.61055807307417
248.93054330519558
69.32387307180733
214.2451711911777
151.79380987388137
266.25281475460235
252.79060373900148
75.68202820508529
148.87514999090118
18.45680269021682
62.42315611865217
171.66772977368444
225.24147936926744
150.39384587588663
255.9162752284749
243.58366100901262
148.9464616743794
282.0468997866873
263.6210549217465
277.49472764315476
283.78742691867205
232.1884082220492
65.39333839589759
181.3420983811706
247.56529860008456
165.2541935055478
189.88138122936562
257.6675214751547
171.04042068870393
288.365940264071
187.17262114258872
155.21134902752848
181.2702332414081
180.1517816144354
165.06063830491183
263.4956475795047
49.8408455934063
71.82310908084963
159.304339721397
192.73487557900728
176.19588730150312
270.2744952338293
243.6747566267327
243.9023087483842
220.4205313176049
247.7422272487855
228.8948334444506
273.546240167424
158.1794960559296
138.10924490212923
151.36773359214433
50.07497830351292
131.79265209344015
157.44436004232992
202.05626270553668
243.53502206745222
234.7235207235052
252.97400666331174
238.3589759728454
187.04859031245618
233.07492714828638
281.903511892036
271.38034489877305
294.2120224124551
231.37498524997653
245.4077369501087
235.64995152826947
280.7777764464754
125.30500241341971
283.0954796846928
240.29487669163845
294.3260986286857
154.26389295848148
118.22180696225993
117.99482827410496
63.020712146029354
59.17289522863334
282.51539275246375
133.95089517720572
168.83364900174578
145.83166450087154
146.49470510568236
149.92341135428973
281.78248634276713
232.44994999164035
275.1535878269226
51.62383202316852
265.1493830117978
259.52768479840233
119.19139528789023
175.47777802286166
120.55065526990303
58.55234621691827
20.6540921440519
144.40814241797074
168.61408422243446
58.80776877658397
-12.47561439486148
267.4221129112076
162.2643521354708
281.258486128561
132.08764924776003
151.81788686204206
148.7124629460159
147.86487399439642
156.5198519014125
306.8387283458741
137.37784969940088
265.59366958275916
146.0765777955299
170.48023572773207
161.92793249487082
155.12104936981683
132.43529096876418
191.03079141277104
154.9787393991751
131.97099136796035
199.73215944490317
254.86973727558308
184.18225462252053
165.0616928753029
298.6669677837665
172.40833618564548
230.33519266801977
268.55831912151723
283.31814292428965
174.34612504469166
141.10179010184618
174.21580857784076
189.85901606461746
144.9641057230964
186.79120346282838
178.69778720986326
188.4828259972439
185.52076178854588
186.2277317089386
141.5924030572805
155.20478885478994
186.61939772914698
121.33383214687481
171.16906800239136
157.17195277768363
155.15857878117006
153.3533560679104
122.96897902786725
143.00994591085055
190.57860687736192
131.23238560197663
193.9283454588381
169.24743487252996
179.78501340843002
175.14444764887705
157.476794122011
121.37411547669113
111.63556272457079
315.41474653548653
142.21143500903545
149.11029509101613
170.87693089126884
161.75858133145996
257.9647547700329
125.6098382235613
241.9436326431891
102.41983666822019
263.165247736369
129.3505939169858
287.13756628575743
236.255208567109
245.47932726861626
186.89247508014643
225.78902241986765
201.54304348576423
154.30370482330767
130.7975554862277
141.40329863089335
275.45465425226377
265.03009804235234
146.75106640585196
244.42852031135692
152.35407027648665
160.33559206070635
158.70727512483077
142.88415513851083
163.35874093874577
171.7432242383504
194.42223555178433
189.88623227260055
173.70494604877322
128.3528970425458
196.4346417231668
191.28462987286608
148.19036127563444
195.93712426366673
270.3623231975523
145.12304310608542
176.64148416711072
149.29163496084945
132.93056107663853
168.61833020976607
188.97924914429106
265.2169818132655
136.89842920556117
182.3046462458471
136.70718596947708
297.650323730634
169.2796021494768
284.23094294959054
105.3041562276092
113.6548629541212
284.8923550156626
248.75415201123855
194.71915948428682
186.44507727077186
268.3788472914068
274.16446260062935
139.36652512989164
266.59035860340816
243.5729903967888
72.26289162754972
235.9874666192214
128.52890611590536
193.90736801586678
184.1301910467758
184.4976717460624
174.40243837248954
148.34858146697013
126.5630972162705
269.030740220481
148.33564800147883
143.09601011268876
168.3151740031368
179.35587205643913
181.1251693432795
227.67688170195416
140.67028125751068
99.70447015278177
166.58152662560553
141.39661345431662
170.9724219341279
175.55591057126367
171.661090993723
128.2264366249488
145.36702912672934
238.25872077997317
108.4755185477658
245.0299449945356
264.31223918722253
234.0939942408511
227.84374565176836
230.05914900466712
252.29766856009806
235.0166639143556
234.43641428189113
274.35343032406024
102.05472776785818
101.06616274075755
126.32866745405255
211.01554136270428
234.4382134331925
281.17400998205346
230.1188852188447
271.9300687407267
285.6055239644712
203.16219325420255
254.97219162052897
233.43346714733096
210.85252002693548
134.3361759896911
250.93997676189352
206.90124605014927
245.5360200486065
130.25437072480076
273.9360402148628
260.97771852781557
166.23061182858333
122.87958311196623
227.40013768688152
244.69754663337704
258.04312709596763
162.63596346631405
137.24883142245397
204.65263605078087
243.65523629037983
239.7896794366888
193.51446904442275
126.82231580541776
127.72028766954635
114.87372922283568
93.12804720720352
133.76391983749912
126.76234492858349
-13.776502651203785
178.62489620382414
212.11240519547775
185.54607995414065
238.08007394165296
246.316284831489
210.75045823335665
120.48420113956638
115.2372949071345
139.1057721954928
80.35315879343095
247.93863938820408
254.3938680254845
132.49951406534586
160.55085847430098
290.3159426861923
139.42755528224265
132.73144431921025
236.5811025654477
105.13084738328045
214.17415867987214
142.0415226495489
113.2377339490855
183.51121112963972
265.39733839642236
234.1359458819163
121.38734937530698
142.97004074321723
93.55276622962802
137.28638077454144
13.853579777879702
248.29496632122314
227.78233649157846
225.5591791214589
259.1651245898656
158.57112666912076
224.5928738931262
263.63984534196777
189.2144392448912
111.67809528960366
90.93122986077282
250.70669136318057
219.51042668959315
170.66264808780602
256.6919448372839
158.6026248457778
210.23064384447056
43.594591389863155
237.72370856220914
242.76543836731813
195.56725438249734
111.71130205839779
154.8167397559649
224.75149782118706
144.90320949521237
222.50058115635335
122.37201423340643
249.11596086984156
151.33036691731786
197.32435543062866
257.66874865683457
125.09199317210864
115.35175749623103
281.301187834076
286.9977683980467
148.02987906635835
126.57891363735146
205.35654915454467
111.55587384997571
111.24257281464202
264.6288454032699
274.2091442761825
229.29423037593494
209.74533001841507
215.96241277885366
159.68619114341968
222.81418644354312
126.65709539052527
232.74548223738856
120.41020892027484
115.26932537234562
89.41230662926321
39.17826019395147
266.3650436542931
235.1676416090865
157.31815426332219
135.68227655256845
262.1870942084201
133.66620102756946
31.443322185710258
112.51843351042176
32.93925928053608
131.11560518709976
30.251503486137693
115.7153178028437
163.39667691521745
198.18197601416648
134.97749005922148
241.39533394160077
141.60774845717123
275.49437543224155
149.98832211849694
270.62014242099974
56.89532837327391
150.5048985892637
65.93270195470117
256.3754205081227
253.69575160927582
254.4842197057872
217.64112026199797
156.8599361559652
130.41245305251027
251.96456026186678
136.7256675736064
292.9878696665355
223.6381158519142
61.79229517064542
212.3232450675725
118.9902030312196
230.34454002390433
131.14450680854645
99.77747667941462
151.70825247651288
274.6133288187736
172.40603621396644
173.08875843418082
189.38811153714403
116.92284720722365
216.8478922867869
235.3837436434963
244.8900919425645
95.96418418072382
255.11409077786763
257.54180099303187
261.5966223769027
256.71861459065735
243.30536045475404
250.9335801467585
130.30549544792117
200.5848340219867
231.03073666268364
230.45122117523715
281.41159095743006
281.9615342081346
259.2032493108694
52.34172020432362
197.5982216758326
86.26642119169674
258.5737340335346
221.2328039004687
260.0954096689646
156.55257750542987
250.27595075199568
81.4806832549034
40.908501898960935
302.42120614629675
155.59319747568904
232.1026945960123
234.313442678145
215.62805610138355
240.65782443606338
52.54994896056661
228.70978309334038
229.7470046235205
272.7573879558503
230.2899448401366
146.7391446985241
268.149705743862
304.58250003268824
218.24036881388915
209.6130390928858
123.47781871809372
229.31051279247004
80.0248004652347
116.56008130982808
132.55426943998725
253.5011107013672
244.01003783986295
124.13752349020432
147.1517557289649
