-126.77732351654257
-684.4674904794962
-925.6290665464593
-896.7856678653637
-747.371443619027
-744.1525931726152
-754.1085883988171
-696.5436695818694
-789.5349976277066
-831.4512551036295
-710.6250908645675
-811.0205562724615
-645.7559387702198
-406.02192437519795
-446.61575540415424
-623.4049468899019
-405.84346669119145
-502.5555363201145
-394.88767431972576
-467.1906018692888
-424.2719937403946
-372.91259610704805
-428.78678209764774
-477.3952081110244
-477.0208821152879
-508.1771375706671
-480.7048295690136
-312.7753849830064
-227.67890474553656
-352.4104820496847
-375.83675150264673
-255.97674146029706
-328.1931694787105
-280.5919128860321
-216.55940458506524
-360.04594220591565
-291.4014771197816
-185.25216617936596
-171.55887992140413
-200.71183176747974
-221.74490151054925
-223.8649416773383
-334.42733380143704
-386.1429410899343
-328.14376063344974
-327.44535480377925
-364.7055551540425
-392.49530541367005
-362.3806504808438
-360.5922436382465
-375.9129530770056
-335.6443787921736
-384.0708968216542
-464.61494997193415
-449.4475808584668
-414.8054515934901
-577.9318704920718
-617.442425187981
-388.0105777609377
-407.9082013129734
-521.0803913609152
-589.8665746081291
-488.4063488923898
-467.1112881778297
-537.4892549182355
-350.1805074375282
-564.0204922691314
-350.2928508380649
-396.81085609476213
-455.45888184519686
-441.0808132721837
-327.2875409016475
-467.71399424332697
-480.7657860100469
-444.94814141936865
-550.120066249508
-481.6385275016048
-449.6500551390473
-618.2952503856752
-689.8240683109607
-680.7955472652186
-458.3791995118753
-598.4666564332654
-771.9370830380574
-625.6146863043609
-910.5534287648337
-812.9775185858446
-776.2985924919597
-706.3751131046756
-835.1488586452308
-446.40315977810155
-733.5701017466217
-446.4106251201809
-523.7367593919925
-514.5089129006091
-461.12129866068665
-608.8754755276931
-530.3268013140813
-801.0532630662033
-825.3903763597398
-708.3116928364335
-758.382445700394
-710.3783181909268
-777.0590772298771
-696.2173133946965
-388.4130171445126
-410.2353299430715
-341.5999505947985
-484.68743256810586
-752.7845684638867
-765.1011180758123
-847.9338678518894
-764.1700366906645
-663.4099729699356
-430.57898121152294
-623.375894629745
-234.02969771269056
-220.310200269532
-262.2898049076143
-390.62277013607974
-300.25241387199037
-281.8888311291176
-110.57801556237523
-347.38810209238716
-29.127036488264856
-295.9144707991192
-111.31927028827775
-239.99869639623148
-196.81480580359616
-144.06595308380057
-141.75550758184482
-113.48630123333679
-186.68802192358922
-224.37362004547236
-406.30093382447626
-408.5354063942923
-418.5379571322023
-261.1558324831049
-447.93061142287183
-710.1607631159055
-654.0046008438447
-721.6109967938459
-665.7013593035322
-624.9791498981757
-594.9359113781647
-741.8272272154093
-762.5425618851408
-473.0243674634909
-754.1673558771802
-633.3293559016407
-549.4280985461967
-517.4979014459652
-739.8510278041468
-826.6789734214703
-784.2357776921984
-759.7755522966897
-803.9567864572211
-786.8822379201127
-739.216818513554
-696.2860519063214
-794.245954704211
-725.1824650247233
-747.9830513463078
-837.6187486364194
-756.6945770039497
-696.5576713031219
-756.6967970469082
-720.4494094793728
-734.3698048452335
-735.7102052424896
-730.4316960167579
-726.9844672582273
-734.2006276542584
-748.0274176531045
-541.0523064569825
-760.6218721558478
-628.2614825036018
-698.4439326191002
-718.8386944884834
-663.341688556001
-735.232716879843
-613.5487674170894
-807.9217766210511
-727.3596463081486
-748.6194767643044
-801.9095239783835
-752.0499355549483
-856.4413067830102
-802.7187616173908
-724.4376037186851
-813.6417556332501
-671.7380804171231
-767.6903087021329
-730.3915537534132
-1109.5033966570884
-726.1177523626525
-718.5534195441878
-758.9993667721568
-668.0678123575153
-764.5923522952686
-753.2280913305581
-715.7854199224543
-964.3026126959488
-800.251712140618
-767.4653852260228
-716.9101456577965
-727.1392461836781
-701.2180227561829
-821.789250776115
-632.7996052996466
-728.9196029407916
-712.7746111481463
-710.1261319902127
-654.1955434505938
-776.5991145949567
-707.3505069303213
-747.5990521044819
-739.4523927449989
-669.0026294390827
-709.07319607022
-561.0916999950338
-620.0920570318978
-543.2319509747772
-588.002587464885
-565.3023571093981
-576.3989203550507
-413.85571425383506
-581.588154494972
-544.0133867684171
-496.4255574486633
-617.2793919942245
-645.7509047786438
-715.2802495604616
-504.7976920485114
-567.0606199924295
-590.6711151115927
-684.9772347135844
-628.9190575259516
-590.1249589674549
-506.00160947777215
-566.5030695363675
-516.1166386657889
-480.23562194080785
-539.2250990115404
-477.3285525028594
-541.3719714110994
-572.8722937193468
-505.2007885651565
-482.8395032293171
-564.9114727088167
-527.0524986594487
-566.8792510685669
-555.4761664330256
-344.6473129950803
-539.5921720921986
-485.94973484244247
-624.0682399471718
-591.6688910818556
-722.5345843989543
-620.4881747448856
-721.5438418766851
-612.0542133393919
-789.1580320557714
-753.9196721591625
-540.9371808002259
-769.4273809983204
-568.3556730048161
-674.7300759835567
-605.8652224068154
-645.4295128446528
-642.3597501864801
-582.5648414545008
-597.1773203976259
-613.9268907660639
-591.3306909352033
-651.0398190134205
-702.9514229797641
-536.0097303452617
-692.372835125649
-697.3060984137428
-684.3518761432634
-712.984918615879
-667.0945719709399
-707.7206897975416
-689.9198596760394
-699.171084592527
-609.5246036765528
-722.8241621683393
-690.9645760224547
-722.2244405956086
-726.7419245771101
-686.5440877628894
-868.0600225772105
-799.8097643329692
-735.3360433060435
-819.0849808041385
-854.3060711722042
-756.5814177916038
-752.8169690526606
-608.2077035210976
-686.8025733983145
-656.9408263917278
-541.7917314961502
-529.7889968771468
-584.8856013259334
-651.6673909314803
-652.2521867292078
-582.3513355677833
-683.3820581703516
-621.287470458559
-579.9880453294813
-663.2022911913755
-628.1993953083063
-590.5486438308824
-689.8689554008705
-728.4228520919348
-794.8298230559313
-761.477026966168
-770.228105707103
-679.0538715836459
-598.1716484914986
-515.9971726279757
-427.5407637046226
-458.27852051778154
-359.13078098070054
-484.16161215674606
-461.872065065145
-608.6014371793987
-607.1605013628355
-309.4960171571321
-463.6857134231802
-577.9492150258357
-412.964096525348
-457.135623999362
-554.7797319824695
-335.0452229607907
-269.00035976978313
-295.99127265070604
-555.7793487430856
-521.9674111747636
-429.630681256518
-420.5693286941729
-644.6890724305157
-575.4242529684191
-566.7734350966235
-569.422259619025
-556.1711496457979
-728.7364597070875
-623.7562254443807
-590.9295603174394
-457.6945101414372
-525.9470517760318
-520.8566446316792
-822.8219467576733
-729.3269528330693
-606.688671018342
-783.9224670633105
-736.4542020758967
-693.2864784840004
-650.5766228217401
-591.0015485082748
-690.9778131491544
-529.7222217426955
-522.3888303365461
-722.9973397609181
-707.7778620486847
-655.1241804534731
-747.7265404210874
-631.5771699469698
-620.649923464642
-726.2237186872896
-632.713786654898
-811.356189230343
-683.4914685437781
-688.1330489480534
-494.9197891711913
-559.4224366254564
-506.3261149946488
-528.7249054667926
-598.9428109399079
-610.500240110506
-571.6753195372199
-569.7955680786611
-694.6875701610481
-792.5770506948782
-579.0255545534961
-633.0103565378732
-666.3917053684421
-609.6817592309889
-673.784998142795
-563.2433830880447
-694.5016508103214
-675.0040304550494
-638.2333435065647
-706.4946372164995
-649.0871241770756
-486.61585750178784
-653.5297753642662
-590.5061907207812
-539.8827680900961
-523.7432324701392
-621.7581964934311
-591.5872770425667
-551.4716824572267
-610.2349316243178
-516.4855192913064
-757.1726037509378
-518.0684725592317
-602.5441043064911
-529.4591080162347
-630.1149885948563
-792.615620614817
-647.8222787291684
-606.8053470372458
-400.40012071378004
-607.1898853219124
-516.9732436860402
-602.5683369886585
-549.3799349538134
-479.99103104807904
-602.5979757771547
-437.24401331715046
-495.6463254184332
-568.0614750959498
-610.4781273101939
-604.6502849210558
-709.9960978937204
-594.1139157970774
-632.874336980182
-668.3913071659017
-576.7202075256547
-547.1798913341154
-643.410295461768
-1012.1134222681916
-940.8719398236425
-669.1060733096853
-728.1860461400828
-595.0075594946577
-598.2792126652272
-586.884389885357
-779.77272453449
-606.0689105043574
-715.2572913414955
-645.037955784277
-665.7993132726971
-559.9117413539323
-545.3858031379268
-498.1800028415278
-685.0967242777056
-458.76503316076884
-671.839392810425
-460.3814751850493
-635.9301726190761
-683.7455934936291
-599.3848066674807
-637.3994844261358
-630.439525588778
-737.5518824715429
-543.6248780999921
-631.3659458195152
-549.110075544216
-612.4592049798572
-779.5399333836481
-435.1104524497791
-536.3056568235928
-573.3631747079783
-609.5078876772735
-445.84679230493157
-513.9949828320842
-643.8622627617805
-477.31405521860074
-625.106906421391
-557.1216490887386
-499.96668690715205
-710.9718307500536
-552.0305629687207
-604.2062348022304
-688.5890881877157
-575.7842448127394
-449.7271984178062
-478.35965453903475
-597.1582273330417
-696.1671488732093
-765.2191131473795
-645.9224544866595
-533.180568460565
-871.5841788918588
-678.5312778863263
-590.9643994546084
-677.0872181486053
-647.6503798641761
-676.9014481697092
-816.6923584572586
-428.6945859077305
-553.6158322980993
-886.9507653390298
-630.7610350534849
-609.8019101960809
-662.4984955888365
-598.3764697696774
-1065.0820160737153
-622.9498055125804
-771.629744532356
-581.5216072147446
-638.6498674963657
-630.7277266360555
-734.0640560769763
-688.1157896895819
-500.5897767331637
-616.7501074332829
-760.5292382302714
-551.8149601340858
-662.9995071025654
-621.6243505704333
-898.5906025644205
-684.5132137723411
-762.7876772380182
-907.7195524532937
-968.1506295706536
-539.9823046212016
-533.6261508375521
-573.934186338389
-762.5525292763267
-619.8542536654128
-659.4874611323883
-646.8279150814527
-608.642311516991
-691.0795089075855
-577.8615617887208
-665.6442105220718
-770.1623356618946
-913.7688685779273
-825.3591069646019
-617.9007108098521
-963.1275670827013
-798.4308447038325
-744.0764388406942
-723.6840401636937
-800.9264582695328
-839.0512376181921
-879.1278110993125
-811.6488457988842
-855.4910196786288
-542.7444426188795
-569.8972051899229
-953.8824209075356
-656.5963390559828
-722.595150995746
-819.4584538421824
-750.1484269854478
-894.2932134575282
-725.3786803022994
-854.8835365037756
-649.7516385026564
-901.5236287606634
-870.2035716705415
-744.4797637762946
-742.1394262424257
-746.4944649942531
-456.32712401628214
-604.8648896523574
-821.3450500912824
-720.0937377088725
-507.0531672031972
-749.8452066768028
-629.3771462020648
-636.0110464506515
-548.7936185664191
-822.292738300637
-598.7492384089859
-562.7601520105267
-820.6480551906569
-756.9009995605154
-595.5168797847617
-779.0147009923472
-716.5868590794057
-658.6223268442508
-770.7945341461831
-681.3280597026254
-638.6865046324185
-588.1066906389576
-623.4649647804258
-450.2099916311498
-558.5348465081286
-644.6220202003068
-588.2089831276867
-557.0664622023717
-855.763615549232
-818.5309329908679
-945.2428469393386
-762.7163200355166
-456.9342798397318
-985.894405435676
-677.8529174599648
-808.3767173782829
-847.4668376189179
-789.0833710333743
-843.2376851952812
-549.087856528725
-762.0339631243794
-882.7174246122343
-619.4106733589155
-601.7881805206247
-778.098415478023
-862.1387906673452
-724.7907278119346
-790.0534605176421
-737.1791809520053
-922.700165924374
-753.6475661025802
-737.3678524548764
-680.6660896529834
-696.096573322151
-615.8395922020309
-805.0895258894398
-707.4706301884054
-605.8440143509905
-707.5332226203947
-532.4448069965765
-656.0243436509011
-600.9020952817085
-939.3397663507047
-546.7902536722654
-528.0110848618579
-572.7712319189835
-892.949439214389
-665.7148929552811
-777.7336407963918
-730.5822715525233
-472.7389409710478
-565.8902567676536
-495.8715841375588
-616.7072922762799
-594.5274766334784
-647.6216221240569
-725.3600519268527
-548.6580994075314
-655.530075454547
-509.1768306328406
-691.3752222899801
-449.9475803022416
-655.9337504870737
-549.3422185879053
-663.5557594364212
-562.1851995845811
-517.7164877543402
-618.1041693255283
-529.670304883361
-611.1208677355148
-518.933167116028
-523.2769463259383
-712.571240905739
-818.380163848914
-859.1317451415616
-855.7366098823563
-649.9601205303982
-738.0056559733038
-640.9696401548854
-953.1963268285057
-652.7257800954317
-632.088764082611
-792.5569235642564
-1088.9027568623637
-724.1191276106763
-734.5328919817392
-609.7465270137079
-567.5040586564791
-992.6810160825764
-535.6968972047061
-816.2556295987306
-699.2938580323992
-689.3382165989084
-663.7254081944312
-631.6101320844218
-754.8165351139045
-889.7585601471827
-553.4877955355832
-940.8099141242191
-923.4905483784007
-828.9770475272319
-615.0098502743771
-735.534941108268
-472.77532187179276
-801.8633335043943
-716.4395193698841
-815.1603225804926
-607.764053065286
-707.6482326217948
-762.7172604934876
-605.4363862142294
-636.4622925571703
-997.4948418666353
-524.5492619474815
-966.2343397621007
-716.8152940050467
-744.609834323779
-562.2678832689135
-628.0055883014535
-510.71713813580567
-587.9592494356426
-625.2014056505975
-709.5557963163898
-649.3736227373416
-678.7699414035695
-543.100599783404
-613.5095392664851
-771.6764345149933
-630.8445148528739
-747.7415271127576
-691.9999168737083
-861.2483373014695
-633.8055168133454
-514.0313611868839
-813.8534623961835
-950.6154750180365
-836.5205108968154
-634.1704103031526
-500.8411941504755
-581.5036661679071
-877.8939064896912
-606.6384424698787
-733.8140764712377
-808.6112762135003
-544.9445957075268
-834.4891346065527
-578.0244598181148
-624.3510242426139
-629.5677405037716
-643.342844186894
-553.8163846326411
-572.3165785447246
-659.1379560195732
-700.107494730581
-605.2060642806225
-754.580590296437
-623.0774742764088
-535.8315199760852
-709.7690131122927
-642.9508031119195
-883.856842851902
-601.2183076085655
-609.3707058954044
-675.2733094813913
-621.586659691886
-691.822544493266
-695.3011554180209
-551.9965875682867
-618.1223195182542
-652.1471550075521
-592.4645316263276
-852.9370992353779
-703.2336121583647
-734.0940261794024
-665.3678087436734
-710.4625013774842
-744.4413551434626
-931.681099302019
-846.5420646281647
-608.4093787733696
-909.5929594872548
-838.2850657419061
-871.5268119751663
-651.0771713638617
-899.5332125073404
-836.0008372314053
-773.4335412278444
-821.2880828486591
-871.6723704284384
-810.264781989981
-736.1002338929288
-779.9042664820873
-812.1513786111738
-881.7777712239846
-822.6387773126404
-817.2420591330878
-956.3503698286062
-810.1845037815386
-691.9647910249203
-816.5250159434293
-891.8836408225466
-837.2269185435325
-837.1063270759739
-831.5448427714111
-779.7522336276741
-864.4648178660995
-990.3824920462221
-876.1661181120656
-976.3435569892816
-703.0406883610905
-729.0546737988661
-886.899104903932
-603.1969120400207
-915.5396744325132
-1077.33088147883
-724.1823662819227
-707.6944235961017
-782.6865042170094
-838.1185712316997
-749.0494931440592
-600.8120463431707
-703.2453958660082
-583.2973218139874
-607.5091008099633
-550.6982263589302
-653.2998509595436
-592.1844249431726
-694.6809417684766
-708.7846212986209
-425.5702445800388
-582.9615329022137
-607.2960060325433
-485.3812943000364
-621.2183804758373
-487.0558124101387
-635.32078620124
-620.7897785231903
-608.3950718106211
-410.7381985852661
-551.0549886203437
-510.8831637721951
-616.0906478966004
-582.2666782968527
-494.0115803262219
-704.509893748589
-594.8169158918607
-706.9791083267531
-633.1449103939041
-619.5015346946626
-619.7809222400865
-680.6932179519167
-744.8672630028009
-726.9626931186681
-471.0912538084803
-662.9825794165583
-757.8369929381832
-855.3599772280812
-825.4251263779532
-741.4905768064547
-678.0437486941536
-935.4119997122996
-785.662557789719
-756.9011309123186
-948.6940118207707
-838.4925136352799
-698.5686604239289
-832.7907975491889
-668.6400382773513
-712.7808460422474
-600.3191225375303
-641.1004619284163
-695.94525594061
-590.9118390782204
-663.1522819256195
-553.9172426875068
-567.8295306356836
-710.5368145876395
-688.4673860300827
-626.8332913922148
-599.7070367568934
-599.4255353175927
-573.3337209734402
-584.6429100488225
-631.3146089727521
-676.6325623287386
-549.5258425851196
-583.3328460961226
-697.4005436282139
-605.7561420531546
-607.6218246005728
-560.8388016466567
-552.3958491239898
-600.3355465549361
-508.3617467163008
-551.3968763707585
-636.9066029381653
-647.5644789674595
-549.7832877507166
-578.1660418648336
-592.9490101301527
-600.6502141655074
-526.028318660027
-570.5415731573713
-627.4408744762931
-481.8709324877321
-449.8972672024782
-451.8316422648918
-548.4237331059894
-485.8309250478666
-514.0170975614328
-386.83519477915814
-386.8905989038199
-442.3777959099972
-413.3397294975184
-387.84141205069926
-416.82256771017717
-421.77154999923204
-398.47830687501755
-353.25494398927793
-404.01282599053303
-499.20034656861003
-497.0863928425704
-404.1391848241879
-502.83996443332563
-341.8915120583876
-342.6285409428524
-338.41933377258164
-305.0263494737747
-340.990078530207
-348.00238838438355
-338.6459736642754
-277.1166075989095
-256.179345370418
-309.4453034388187
-259.1145022712792
-287.88825511978587
-278.71792873817094
-318.01948310614017
-276.98865863624616
-306.18186651068675
-262.65222593906003
-286.9880605319906
-247.35156200147043
-254.4318255539954
-227.36770130461326
-136.13441578834147
-188.84032821146985
-161.05051864563956
-239.1927399345907
-252.87086833731362
-227.81773350859137
-235.53336257893696
-300.48652092828695
-260.9813631627639
-263.70903960649855
-90.41798147762032
-250.19194726754694
-297.6960070547165
-240.76467612627408
-271.10814528564237
-221.9653517234297
-325.3747078134335
-253.65588606379376
-339.876600886146
-298.44231103863876
-322.76878500326825
-350.56811088249816
-265.89506176609603
-395.5127857230558
-291.0191768059458
-427.5345700779828
-482.17153978962574
-273.3634940014996
-376.00530795405905
-473.7949529353554
-313.16894131246386
-393.8174852659658
-402.2100153312164
-376.6539535196298
-358.66566441420935
-307.228761150662
-324.5784241292837
-302.0565909594808
-338.4802927218767
-231.99158369869104
-357.6538952198832
-373.0938695359305
-375.57403078768147
-325.70003475890087
-210.7426325431813
-292.0571636211291
-251.2872892956951
-392.6954458821025
-255.03150544681586
-423.05689795302015
-316.0169279215882
-375.1321335050678
-388.3433061767379
-268.2187071532618
-287.5819399586113
-191.06384225069618
-251.8485500685149
-276.1423329685317
-325.7165456863449
-434.49567363312553
-356.7024143742224
-359.9358889014442
-365.9136163088013
-375.3161810515941
-309.1866813078838
-340.0163622052023
-313.6978515803416
-364.1473925497379
-328.9412496723707
-381.6897904361063
-289.7702516967166
-381.63730626458675
-430.8169466690908
-280.90433755446094
-440.45427622287065
-284.9253189806164
